-65.04298
-65.050316
-65.07193
-65.082954
-65.08459
-65.07636
-65.03677
-64.96327
-64.85886
-64.725296
-64.5645
-64.38804
-64.19816
-63.994316
-63.77639
-63.548084
-63.378044
-63.27544
-63.23209
-63.24335
-63.302887
-63.35268
-63.383347
-63.39992
-63.404865
-63.397877
-63.34468
-63.241432
-63.09306
-62.90252
-62.674664
-62.460777
-62.26879
-62.093815
-61.933342
-61.785526
-61.646557
-61.515137
-61.3908
-61.273106
-61.163666
-61.099075
-61.08396
-61.113667
-61.185497
-61.294163
-61.37597
-61.42154
-61.43745
-61.427223
-61.3947
-61.367943
-61.35179
-61.344162
-61.3441
-61.352707
-61.400955
-61.492702
-61.341408
-60.897957
-60.38848
-59.882477
-59.422367
-59.043198
-58.76807
-58.60194
-58.47901
-58.37802
-58.289368
-58.19907
-58.091156
-57.948956
-57.700233
-56.335632
-53.016327
-50.33371
-48.0912
-46.168343
-44.332527
-42.205643
-39.04968
-32.453945
-6.324867
33.360657
24.369871
9.549376
-0.6751019
-7.9116516
-14.003496
-19.835838
-26.152597
-34.103554
-44.866253
-56.591423
-65.14432
-70.30352
-73.38497
-75.30516
-76.54826
-77.36964
