-65.03759
-65.042145
-65.047615
-65.034996
-65.005974
-64.96232
-64.91752
-64.873886
-64.83038
-64.78657
-64.74258
-64.70631
-64.6787
-64.6587
-64.64566
-64.63667
-64.58565
-64.48625
-64.34376
-64.16115
-63.94548
-63.789738
-63.707348
-63.688377
-63.727425
-63.816193
-63.869003
-63.872593
-63.835114
-63.760773
-63.654408
-63.554604
-63.467827
-63.390987
-63.32263
-63.260765
-63.18555
-63.093933
-62.98783
-62.86825
-62.742245
-62.72755
-62.840145
-63.06625
-63.39809
-63.8231
-64.20788
-64.53187
-64.807785
-65.04215
-65.23847
-65.38369
-65.47807
-65.5255
-65.52862
-65.49256
-65.475235
-65.4855
-65.51776
-65.56914
-65.634766
-65.65901
-65.63359
-65.5642
-65.45393
-65.30856
-65.19643
-65.12771
-65.09545
-65.09596
-65.12254
-65.09712
-65.00807
-64.86338
-64.66731
-64.42891
-64.261665
-64.18216
-64.178444
-64.24402
-64.36979
-64.46794
-64.52458
-64.54767
-64.54121
-64.507164
-64.433846
-64.320946
-64.171295
-63.986794
-63.77484
-63.646385
-63.617065
-63.67456
-63.81177
-64.01721
-64.16348
-64.23141
-64.23366
-64.176834
