-65.01569
-65.01429
-64.995964
-64.96122
-64.91291
-64.85701
-64.86192
-64.91719
-65.0088
-65.130585
-65.273575
-65.3524
-65.37917
-65.3705
-65.333496
-65.27273
-65.19863
-65.11177
-65.01184
-64.899155
-64.77701
-64.69076
-64.63324
-64.595055
-64.572075
-64.56387
-64.59953
-64.67282
-64.77627
-64.90623
-65.055
-65.138
-65.16778
-65.16128
-65.1258
-65.06528
-64.977745
-64.86596
-64.73238
-64.578606
-64.4113
-64.31673
-64.28139
-64.28745
-64.32712
-64.39196
-64.41913
-64.41644
-64.39521
-64.35999
-64.31673
-64.3202
-64.36257
-64.433105
-64.52715
-64.63545
-64.65446
-64.599846
-64.492645
-64.34205
-64.159615
-64.0446
-63.9836
-63.957836
-63.959488
-63.98191
-63.987633
-63.980488
-63.96653
-63.948055
-63.927856
-63.931942
-63.95652
-63.996418
-64.04937
-64.11178
-64.14715
-64.16089
-64.16026
-64.14837
-64.1269
-64.09584
-64.05619
-64.00883
-63.954365
-63.89533
-63.864216
-63.855953
-63.86383
-63.884903
-63.91678
-63.94655
-63.975502
-64.00554
-64.03723
-64.06741
-64.04407
-63.975876
-63.874084
-63.743748
