-64.97257
-64.951515
-64.82773
-64.6511
-64.42997
-64.178154
-64.0391
-63.998238
-64.02646
-64.110176
-64.23717
-64.33809
-64.41673
-64.48423
-64.54519
-64.6036
-64.68458
-64.78629
-64.904274
-65.03651
-65.1789
-65.28421
-65.35752
-65.40868
-65.44237
-65.46056
-65.45111
-65.41712
-65.36279
-65.29043
-65.20448
-65.15225
-65.12896
-65.12504
-65.13605
-65.15952
-65.19738
-65.24789
-65.30927
-65.38042
-65.45503
-65.444305
-65.358574
-65.217026
-65.0289
-64.80611
-64.651764
-64.55658
-64.50067
-64.47499
-64.47303
-64.47381
-64.476906
-64.484314
-64.49648
-64.51007
-64.469795
-64.38233
-64.259834
-64.10814
-63.935986
-63.827484
-63.77447
-63.76022
-63.776985
-63.818542
-63.856724
-63.892334
-63.929256
-63.968918
-64.01034
-64.027054
-64.022575
-64.00299
-63.971256
-63.93257
-63.941532
-63.99256
-64.07454
-64.182274
-64.30899
-64.39515
-64.446205
-64.4737
-64.482925
-64.47676
-64.45251
-64.41226
-64.3582
-64.29168
-64.214554
-64.14182
-64.0723
-64.00327
-63.93355
-63.864407
-63.826614
-63.816074
-63.825684
-63.851948
