-64.96684
-64.94256
-64.802444
-64.604965
-64.358864
-64.08133
-63.96237
-63.973373
-64.07594
-64.25341
-64.482666
-64.54949
-64.48392
-64.327385
-64.09747
-63.810204
-63.564648
-63.3499
-63.149292
-62.956367
-62.770435
-62.63128
-62.530655
-62.45796
-62.40463
-62.363693
-62.339695
-62.330242
-62.333622
-62.34936
-62.3749
-62.370937
-62.344646
-62.30516
-62.25679
-62.199966
-62.10302
-61.972515
-61.816193
-61.637558
-61.442974
-61.29989
-61.198692
-61.126537
-61.07833
-61.050133
-61.019737
-60.98959
-60.963406
-60.942566
-60.92277
-60.82716
-60.668526
-60.46313
-60.217884
-59.943115
-59.74301
-59.60214
-59.499855
-59.4275
-59.37724
-59.29941
-59.19938
-59.084934
-58.958313
-58.824944
-58.76508
-58.76335
-58.799503
-58.860657
-58.923473
-58.834755
-58.486202
-56.252678
-47.188362
-40.5494
-32.046577
14.0687275
41.998787
39.39055
33.814293
26.388212
18.025032
9.771217
2.2755377
-4.325058
-10.201373
-15.4979315
-20.397858
-25.089693
-29.722792
-34.29682
-38.78641
-43.03716
-46.815178
-49.894352
-52.30662
-54.171684
-55.646008
-56.85361
