-65.005585
-64.99944
-64.95591
-64.88749
-64.79825
-64.69553
-64.658325
-64.67481
-64.72912
-64.81434
-64.92236
-64.987404
-65.018105
-65.02667
-65.01817
-64.99907
-65.02726
-65.094604
-65.18988
-65.30826
-65.44128
-65.49913
-65.4952
-65.44756
-65.36408
-65.25466
-65.20417
-65.20113
-65.229454
-65.282394
-65.349976
-65.33448
-65.25012
-65.11627
-64.94133
-64.73735
-64.61874
-64.569214
-64.56645
-64.60093
-64.66188
-64.66368
-64.617516
-64.53927
-64.435524
-64.31697
-64.29436
-64.35125
-64.465385
-64.627106
-64.8233
-64.93505
-64.978836
-64.97749
-64.94068
-64.87404
-64.78338
-64.67081
-64.53766
-64.38511
-64.21681
-64.07511
-63.953743
-63.844315
-63.743248
-63.64909
-63.569145
-63.5011
-63.44246
-63.391903
-63.35093
-63.355526
-63.399113
-63.473423
-63.57459
-63.69409
-63.735394
-63.713
-63.646374
-63.543907
-63.415737
-63.3467
-63.32546
-63.336113
-63.372074
-63.429672
-63.50694
-63.60219
-63.714138
-63.841816
-63.980278
-64.0641
-64.103546
-64.11228
-64.09796
-64.071495
-64.046844
-64.02144
-63.99104
-63.95214
