-65.022514
-65.0243
-65.02297
-65.01094
-64.99023
-64.95883
-64.86888
-64.729004
-64.55009
-64.337166
-64.09793
-63.905663
-63.75004
-63.61689
-63.500244
-63.397697
-63.32207
-63.269394
-63.235363
-63.21771
-63.212708
-63.184937
-63.139244
-63.082333
-63.016953
-62.947643
-62.922256
-62.933647
-62.972187
-63.03371
-63.11085
-63.125736
-63.089855
-63.018703
-62.918926
-62.797455
-62.704964
-62.635197
-62.579117
-62.5331
-62.493366
-62.43048
-62.348316
-62.252354
-62.144855
-62.029957
-61.95287
-61.90679
-61.88264
-61.876526
-61.88541
-61.89544
-61.907635
-61.923885
-61.94477
-61.973557
-62.057564
-62.188995
-62.357727
-62.55921
-62.785202
-62.948788
-63.062607
-63.143734
-63.19942
-63.233997
-63.2531
-63.258144
-63.2499
-63.229187
-63.197926
-63.17555
-63.159443
-63.145985
-63.13373
-63.121014
-63.09343
-63.05301
-63.002556
-62.943283
-62.87572
-62.797554
-62.709583
-62.612663
-62.50726
-62.393845
-62.275074
-62.150723
-62.0204
-61.88399
-61.74833
-61.72039
-61.78248
-61.911785
-62.098244
-62.328434
-62.482563
-62.576824
-62.633682
-62.66236
