-65.00834
-65.00438
-64.97291
-64.92093
-64.85192
-64.76815
-64.67405
-64.57026
-64.45683
-64.334015
-64.20444
-64.10635
-64.03518
-63.98259
-63.944626
-63.919224
-63.910336
-63.916077
-63.93433
-63.96382
-64.001236
-64.0071
-63.985764
-63.94546
-63.890038
-63.822853
-63.762096
-63.70679
-63.654053
-63.602722
-63.55101
-63.479916
-63.39152
-63.2898
-63.176613
-63.057323
-63.000336
-62.997734
-63.034897
-63.104927
-63.19727
-63.207623
-63.146618
-63.035286
-62.88328
-62.702934
-62.602833
-62.572605
-62.590996
-62.648365
-62.73793
-62.838734
-62.950245
-63.07429
-63.2112
-63.356552
-63.44013
-63.470524
-63.463142
-63.425323
-63.36149
-63.273457
-63.16358
-63.03379
-62.88546
-62.725613
-62.650745
-62.649513
-62.70117
-62.795937
-62.922523
-62.991764
-63.011414
-62.99824
-62.95969
-62.901154
-62.8423
-62.78301
-62.72098
-62.655514
-62.584778
-62.483967
-62.356125
-62.206734
-62.038414
-61.8569
-61.729176
-61.647808
-61.598774
-61.575558
-61.572746
-61.563995
-61.550404
-61.535843
-61.521786
-61.50747
-61.469395
-61.4108
-61.337135
-61.25102
