-64.98029
-64.964584
-64.87038
-64.73236
-64.55607
-64.3507
-64.20333
-64.10655
-64.04716
-64.01874
-64.01279
-63.960022
-63.865643
-63.73955
-63.586422
-63.41302
-63.279358
-63.18051
-63.10753
-63.056103
-63.024654
-63.030125
-63.068798
-63.136074
-63.22918
-63.34182
-63.407272
-63.431587
-63.425194
-63.39322
-63.344463
-63.364754
-63.446526
-63.576508
-63.74816
-63.951042
-64.08814
-64.16763
-64.20414
-64.20479
-64.176094
-64.14996
-64.12578
-64.100555
-64.07331
-64.04444
-64.026184
-64.01702
-64.01469
-64.018005
-64.02412
-64.00087
-63.9514
-63.88095
-63.79218
-63.689545
-63.61551
-63.56643
-63.53585
-63.52063
-63.518757
-63.5294
-63.551334
-63.583534
-63.625195
-63.67072
-63.643703
-63.55231
-63.409615
-63.222343
-63.00225
-62.863155
-62.795174
-62.780895
-62.811855
-62.87983
-62.939705
-62.993023
-63.044556
-63.09609
-63.149117
-63.21276
-63.28642
-63.368824
-63.45935
-63.554638
-63.60924
-63.628017
-63.618744
-63.58544
-63.531113
-63.461975
-63.379154
-63.283188
-63.174736
-63.06001
-63.02547
-63.062225
-63.155586
-63.29785
