-65.038765
-65.04943
-65.09687
-65.15125
-65.21184
-65.27395
-65.27517
-65.22671
-65.14192
-65.02715
-64.889915
-64.78713
-64.710625
-64.64992
-64.60038
-64.560005
-64.53652
-64.527016
-64.52854
-64.53949
-64.55884
-64.5871
-64.62341
-64.667046
-64.71747
-64.768036
-64.724365
-64.60367
-64.42638
-64.202225
-63.94584
-63.79113
-63.716938
-63.697018
-63.71942
-63.773197
-63.795326
-63.793327
-63.777542
-63.75226
-63.72177
-63.716812
-63.732925
-63.764366
-63.808548
-63.860474
-63.867207
-63.83763
-63.78257
-63.707058
-63.616398
-63.546803
-63.49339
-63.449753
-63.41313
-63.386395
-63.43511
-63.54626
-63.704803
-63.903374
-64.12869
-64.24739
-64.281265
-64.25706
-64.1871
-64.08105
-63.97824
-63.87577
-63.76865
-63.655212
-63.538013
-63.46566
-63.428974
-63.41786
-63.429825
-63.456314
-63.44435
-63.401382
-63.33716
-63.256084
-63.16369
-63.105865
-63.075706
-63.064487
-63.068237
-63.08494
-63.11799
-63.166126
-63.22832
-63.302685
-63.388336
-63.491776
-63.61103
-63.743984
-63.88941
-64.04068
-64.111115
-64.11608
-64.07394
-63.99334
