-65.00936
-65.006424
-64.98178
-64.94037
-64.88516
-64.81958
-64.76957
-64.73129
-64.7
-64.6736
-64.64666
-64.55471
-64.40927
-64.22385
-64.004715
-63.767185
-63.685497
-63.72905
-63.861923
-64.06754
-64.325775
-64.47848
-64.54938
-64.56774
-64.54635
-64.49435
-64.44302
-64.39074
-64.3342
-64.27252
-64.204575
-64.117004
-64.01238
-63.8937
-63.76241
-63.62512
-63.567272
-63.57333
-63.62525
-63.714626
-63.833046
-63.927673
-64.005325
-64.074844
-64.13984
-64.19451
-64.1072
-63.872463
-63.532585
-63.122456
-62.67342
-62.333073
-62.08281
-61.896122
-61.75955
-61.66307
-61.585945
-61.52643
-61.48404
-61.457336
-61.443142
-61.41356
-61.372677
-61.32549
-61.274055
-61.221054
-61.19077
-61.17918
-61.181473
-61.195465
-61.218166
-61.22354
-61.21566
-61.199417
-61.17693
-61.150436
-61.13651
-61.13269
-61.135963
-61.147434
-61.164227
-61.1505
-61.111637
-61.054447
-60.982056
-60.90056
-60.874638
-60.89326
-60.94348
-61.019512
-61.113678
-61.159107
-61.166367
-61.148632
-61.112255
-61.06314
-61.041504
-61.04302
-61.06299
-61.098404
