-64.981224
-64.96595
-64.87413
-64.739395
-64.56715
-64.360275
-64.10971
-63.818916
-63.491714
-63.130592
-62.748203
-62.511585
-62.40319
-62.394806
-62.47207
-54.763615
-49.476913
-46.339783
-39.114044
-26.36814
26.069624
41.475594
39.58274
34.79213
28.113735
20.313602
12.2825365
4.739102
-2.0106158
-7.9506884
-13.192033
-17.90559
-22.223413
-26.254457
-30.068954
-33.692474
-37.109814
-40.289017
-43.17938
-45.719086
-47.866516
-49.57572
-50.91421
-51.96078
-52.78073
-53.43142
-54.048748
-54.63774
-55.197105
-55.73186
-56.24436
-56.694508
-57.096313
-57.463326
-57.803413
-58.1228
-58.43633
-58.74488
-59.048466
-59.347748
-59.63793
-59.838226
-59.964844
-60.03586
-60.06067
-60.050766
-60.08993
-60.16691
-60.267235
-60.384083
-60.507427
-60.587288
-60.597717
-60.58457
-60.560917
-60.53508
-60.60188
-60.75226
-60.970993
-61.249573
-61.57185
-61.78752
-61.916138
-61.984055
-62.00399
-61.98934
-62.026974
-62.10782
-62.218163
-62.351494
-62.501743
-62.636692
-62.75879
-62.87236
-62.97927
-63.08331
-63.225933
-63.40136
-63.60168
-63.822773
