-64.987114
-64.9751
-64.90612
-64.81094
-64.695076
-64.56572
-64.48309
-64.43203
-64.39944
-64.379776
-64.36969
-64.36331
-64.360435
-64.3611
-64.36506
-64.37004
-64.34695
-64.30382
-64.24752
-64.181046
-64.109024
-64.0742
-64.06551
-64.07339
-64.0833
-64.079636
-64.01219
-63.902775
-63.7677
-63.613857
-63.445908
-63.28351
-63.122276
-62.958485
-62.790867
-62.623623
-62.52341
-62.471275
-62.43878
-62.406254
-62.384953
-62.413097
-62.479816
-62.574917
-62.695843
-62.83037
-62.81982
-62.709373
-62.53701
-62.319046
-62.070522
-61.88201
-61.733067
-61.60571
-61.492672
-61.3907
-61.307503
-61.23855
-61.18023
-61.13062
-61.088963
-61.061707
-61.0461
-61.03988
-61.04187
-61.045574
-60.968475
-60.83337
-60.65963
-60.44758
-60.19472
-59.96385
-59.747715
-59.528854
-59.293087
-59.034676
-58.840305
-57.52365
-56.03806
-55.187244
-54.74853
-54.35481
-51.950638
-48.232075
-46.16972
-44.688484
-43.40471
-42.051735
-40.249657
-37.118694
-29.135204
3.8086183
30.954494
29.822899
24.515163
18.024168
11.325797
5.0339923
-0.6006015
-5.5509386
