-65.03438
-65.043015
-65.07967
-65.119736
-65.16303
-65.2086
-65.2451
-65.27445
-65.299
-65.31985
-65.33741
-65.348915
-65.35527
-65.35741
-65.35584
-65.34858
-65.300766
-65.21912
-65.11149
-64.9817
-64.83212
-64.66408
-64.47884
-64.2774
-64.06047
-63.834843
-63.693665
-63.62014
-63.594307
-63.606705
-63.649155
-63.68143
-63.707455
-63.73308
-63.760506
-63.792187
-63.849445
-63.928776
-64.02583
-64.13856
-64.26122
-64.326584
-64.34627
-64.33431
-64.297295
-64.24419
-64.2525
-64.31027
-64.40252
-64.52245
-64.659744
-64.716934
-64.70975
-64.657585
-64.56939
-64.45324
-64.353615
-64.26547
-64.18173
-64.09952
-64.01698
-63.928165
-63.833416
-63.733448
-63.628513
-63.521053
-63.44581
-63.39641
-63.365334
-63.34898
-63.345623
-63.357502
-63.36782
-63.371113
-63.371185
-63.36842
-63.32919
-63.263187
-63.180943
-63.08803
-62.97825
-62.88619
-62.80572
-62.72802
-62.651093
-62.56887
-62.400406
-62.160313
-61.873028
-61.55499
-61.21982
-60.914898
-60.63674
-60.378765
-60.13794
-59.908936
-59.64076
-59.341034
-59.019043
-58.67838
