-64.97869
-64.95891
-64.838524
-64.66287
-64.440506
-64.18169
-63.976006
-63.819763
-63.695614
-63.595562
-63.513687
-63.424744
-63.32828
-63.227795
-63.12462
-63.022915
-62.982418
-62.99909
-63.059826
-63.158215
-63.289436
-63.436184
-63.59749
-63.77504
-63.969177
-64.17483
-64.30779
-64.37382
-64.391365
-64.36943
-64.31467
-64.25151
-64.181076
-64.100716
-64.00966
-63.910152
-63.84262
-63.804314
-63.786396
-63.78463
-63.799892
-63.88784
-64.04319
-64.25224
-64.507996
-64.7965
-64.95517
-64.993126
-64.94419
-64.82455
-64.65241
-64.57842
-64.596756
-64.67855
-64.81053
-64.97799
-65.0582
-65.05616
-64.99569
-64.88788
-64.74674
-64.702896
-52.636696
-46.041885
-41.244648
-23.250614
41.87284
44.602776
41.245827
35.779343
28.332836
19.615301
10.796856
2.7291615
-4.3557353
-10.57985
-16.266739
-21.64187
-26.961512
-32.466797
-38.249382
-43.96497
-49.077915
-53.093224
-55.965187
-57.99822
-59.517807
-60.705303
-61.661476
-61.4161
-60.945366
-60.929726
-61.2438
-61.811768
-62.539608
-63.337948
-63.96236
-64.423355
-64.76103
-64.990524
