-64.98088
-64.956245
-64.80863
-64.59681
-64.33124
-64.029526
-63.870182
-63.821415
-63.848217
-63.935635
-64.06865
-64.14508
-64.180115
-64.191414
-64.18596
-64.16925
-64.169846
-64.18405
-64.20736
-64.23802
-64.27342
-64.287315
-64.28409
-64.25908
-64.19217
-64.0795
-63.956802
-63.833275
-63.715702
-63.609966
-63.515987
-63.387768
-63.23311
-63.05955
-62.86895
-62.665707
-62.510548
-62.391724
-62.296978
-62.221497
-62.159637
-62.06016
-61.932392
-61.786636
-61.62745
-61.460476
-61.332157
-61.234898
-61.16015
-61.10434
-61.062717
-60.993378
-60.90325
-60.80003
-60.68679
-60.566513
-60.460308
-60.36485
-60.27632
-60.19314
-60.11405
-60.03355
-59.952118
-59.870415
-59.788578
-59.70685
-59.62873
-59.553463
-59.48021
-59.408558
-59.339333
-59.288963
-59.25407
-59.231117
-59.218895
-59.21466
-59.176514
-59.111786
-59.028194
-58.928658
-58.816277
-58.71641
-58.62478
-58.536545
-58.449547
-58.364765
-58.317844
-58.300095
-58.301586
-58.314228
-58.31999
-58.194458
-57.36304
-56.50229
-55.46834
-52.975765
-41.859844
-32.058517
0.7650362
36.169334
