-65.02722
-65.02221
-64.97728
-64.90093
-64.79897
-64.67708
-64.5733
-64.48151
-64.39526
-64.312065
-64.23464
-64.22367
-64.26534
-64.3462
-64.46014
-64.59736
-64.66624
-64.68385
-64.66753
-64.624466
-64.56311
-64.54831
-64.568855
-64.61315
-64.67652
-64.75307
-64.79352
-64.80674
-64.8018
-64.78245
-64.75417
-64.767654
-64.81342
-64.88184
-64.968895
-55.10226
-51.750484
-50.677708
-50.248676
-44.220585
-37.758217
-20.909412
37.598316
36.565018
27.04422
15.8092165
5.6049714
-2.8837857
-10.026201
-16.366068
-22.52557
-29.428225
-38.160618
-48.502426
-56.76381
-61.42891
-64.0027
-65.64078
-66.80302
-67.685104
-68.38753
-41.856438
-46.72313
-53.210995
-58.530075
-62.169983
-64.5598
-66.15628
-67.264595
-68.06887
-68.682434
-69.23392
-69.73762
-70.20306
-70.64096
-71.05154
-71.32997
-71.520226
-71.65232
-71.73904
-71.79283
-71.89023
-72.01125
-72.14129
-72.275475
-72.408325
-72.489075
-72.5267
-72.537476
-72.53046
-72.5096
-72.46358
-72.39774
-72.31608
-72.220345
-72.11778
-72.09984
-72.1421
-72.2236
-72.33547
