-65.0694
-65.08558
-65.1537
-65.22834
-65.309715
-65.39392
-65.42435
-65.41195
-65.368576
-65.29944
-65.21114
-65.15847
-65.13237
-65.12261
-65.12489
-65.136284
-65.14857
-65.16187
-65.176704
-65.19296
-65.209045
-65.20376
-65.181
-65.14495
-65.09735
-65.04114
-65.00715
-64.98964
-64.98226
-64.982086
-64.982994
-64.91993
-64.80435
-64.64882
-64.458466
-64.24132
-64.07736
-63.95217
-63.84985
-63.76354
-63.687824
-63.5982
-63.497353
-63.388847
-63.2741
-63.14875
-62.99258
-62.795486
-62.56797
-62.32579
-62.081818
-61.838367
-61.602734
-61.379395
-61.169994
-60.974915
-60.796585
-60.63371
-60.484924
-60.34926
-60.225746
-60.11126
-60.005627
-59.908733
-59.82021
-59.740334
-59.67895
-59.6338
-59.602448
-59.583576
-59.571392
-59.49258
-59.360477
-59.189365
-58.985065
-58.760696
-58.6511
-58.62986
-58.67012
-58.760975
-58.890385
-58.96372
-58.99572
-59.002857
-58.991383
-58.961224
-58.86764
-58.719288
-58.52308
-48.810207
-41.124
-28.483446
20.939518
36.8313
28.944702
18.101398
7.6698036
-1.1443911
-8.555524
-15.06256
