-65.02207
-65.01643
-64.96921
-64.89069
-64.78658
-64.66284
-64.56378
-64.48243
-64.4108
-64.34565
-64.28452
-64.21611
-64.14169
-64.06293
-63.9804
-63.894753
-63.811382
-63.72936
-63.647648
-56.41721
-45.95452
-42.687317
-28.211115
28.493422
39.07362
31.65074
21.261423
10.693498
1.4971759
-6.272193
-13.034359
-19.29902
-25.709957
-33.174625
-42.43524
-51.789562
-58.207874
-61.942844
-64.22883
-65.763176
-66.86081
-67.73521
-68.442085
-69.02175
-69.50632
-69.91708
-70.2484
-70.52177
-70.75141
-70.94584
-71.11435
-71.30568
-71.506256
-71.708206
-71.90999
-72.11043
-72.29344
-72.46552
-72.63138
-72.79319
-72.94685
-73.016815
-73.02844
-73.000786
-72.941635
-72.8596
-72.81845
-72.8018
-72.796425
-72.797455
-72.80343
-72.825966
-72.86074
-72.90431
-72.95522
-73.009
-73.011925
-72.978096
-72.919914
-72.842636
-72.751976
-72.6897
-72.64677
-72.614815
-72.59054
-72.57464
-72.60161
-72.66181
-72.74651
-72.8518
-72.97156
-73.04913
-73.097
-57.80886
-53.42993
-54.12579
-56.196903
-51.79408
-44.127678
-43.07393
