-65.04899
-65.05396
-65.061554
-65.054695
-65.03668
-65.00769
-64.94553
-64.85598
-64.74451
-64.61374
-64.469124
-64.3681
-64.29952
-64.25217
-64.22128
-64.20884
-64.2847
-64.43212
-64.634926
-64.88559
-65.165825
-65.27075
-65.241005
-65.11729
-64.91709
-64.659325
-64.4754
-64.34392
-64.24246
-64.16231
-64.101456
-64.10056
-64.14802
-64.232925
-64.349976
-64.48692
-64.51005
-64.44562
-64.319984
-64.144394
-63.93711
-63.86868
-63.905815
-64.01483
-64.182014
-64.39272
-64.54119
-64.64508
-64.7227
-64.781265
-64.821724
-64.79946
-64.72649
-64.61417
-64.46797
-64.29491
-64.149635
-64.022804
-63.904793
-63.791775
-63.684246
-63.620632
-63.591415
-63.587482
-63.604576
-63.637115
-63.63994
-63.62092
-63.588165
-63.546032
-63.502728
-63.53442
-63.62498
-63.75862
-63.928516
-64.12439
-64.25159
-64.32321
-64.345146
-64.332954
-64.29216
-64.20058
-64.06829
-63.905067
-63.716373
-63.512394
-63.396793
-63.349148
-63.348885
-63.38706
-63.454514
-63.4926
-63.510273
-63.516987
-63.516243
-63.50835
-63.471912
-63.414276
-60.98951
-55.011948
