-65.03441
-65.034454
-65.017296
-64.9787
-64.92294
-64.85251
-64.77199
-64.68174
-64.58179
-64.47237
-64.35301
-64.21329
-64.05549
-63.882042
-63.694096
-63.49963
-63.40749
-63.396687
-63.444603
-63.54126
-63.6746
-63.747982
-63.77693
-63.77903
-63.761456
-63.728264
-63.683617
-63.628834
-63.564724
-63.491985
-63.41302
-63.35578
-63.315193
-63.285717
-63.264988
-63.247437
-63.16909
-63.041794
-62.87846
-62.6847
-62.471195
-62.350986
-62.303745
-62.307194
-62.351807
-62.429413
-62.495686
-62.55615
-62.617573
-62.682373
-62.745804
-62.72026
-62.623486
-62.474094
-62.274723
-62.00284
-61.76049
-61.55128
-61.372967
-61.231205
-61.127987
-61.028057
-60.938576
-60.865585
-60.809914
-60.767628
-60.69151
-60.588985
-60.468197
-60.332096
-60.184486
-33.608234
-4.2981844
39.021355
34.591843
25.071636
14.344718
4.60524
-3.630253
-10.682398
-17.021984
-23.193472
-29.94661
-38.136795
-47.37327
-54.87927
-59.572403
-62.482555
-64.434166
-65.84206
-66.90797
-67.75138
-68.43435
-68.99931
-69.47634
-69.88506
-70.21985
-70.500534
-70.74041
-70.94748
