-65.045685
-65.050934
-65.06126
-65.05916
-65.0476
-65.0279
-64.99821
-64.95966
-64.913284
-64.85965
-64.79985
-64.74433
-64.69132
-64.63886
-64.58614
-64.53501
-64.51937
-64.532295
-64.5675
-64.627754
-64.70504
-64.7475
-64.76326
-64.76159
-64.74645
-64.723236
-64.738846
-64.78562
-64.85469
-64.942184
-65.0424
-65.10293
-65.132774
-65.14194
-65.13465
-65.11206
-65.05743
-64.97546
-64.87081
-64.74583
-64.60753
-64.53952
-64.52624
-64.550766
-64.605774
-64.685135
-64.758026
-64.82805
-64.89974
-64.974686
-65.048935
-65.05323
-65.00159
-64.90891
-64.7819
-64.62698
-64.484085
-64.34769
-64.21127
-64.07239
-63.934086
-63.859615
-63.83589
-63.84908
-63.89295
-63.96057
-64.00142
-64.02322
-64.03483
-64.039825
-64.04354
-64.076546
-64.132835
-64.20532
-64.288025
-64.35996
-64.35606
-64.28573
-64.17554
-64.03873
-63.887394
-63.82516
-63.83641
-63.899105
-64.00273
-64.13341
-64.167114
-64.125206
-64.03149
-63.896004
-63.73068
-63.629303
-63.55807
-63.499947
-63.459602
-63.434765
-63.375675
-63.287506
-63.17956
-63.05713
