-65.04081
-65.043816
-65.04226
-65.02439
-64.99374
-64.95212
-64.90042
-64.83946
-64.76984
-64.69198
-64.60801
-64.54483
-64.49739
-64.46023
-64.430954
-64.40611
-64.35342
-64.27845
-64.18742
-64.08297
-63.9712
-63.92189
-63.92213
-63.957127
-64.01684
-64.07918
-64.03305
-63.914566
-63.75711
-63.576134
-63.383106
-63.236237
-63.126743
-63.04403
-62.98331
-62.940403
-62.894863
-62.84875
-62.804726
-62.763542
-62.727043
-62.719475
-62.735996
-62.771385
-62.82325
-62.88648
-62.905758
-62.891026
-62.853176
-62.796833
-62.724163
-62.62994
-62.51102
-62.354042
-62.170387
-61.973003
-61.854305
-61.800686
-61.798237
-61.83244
-61.89278
-61.899544
-61.866203
-61.50565
-60.302784
-59.284294
-58.603134
-58.19729
-57.99551
-57.928314
-57.9445
-58.031208
-58.15872
-58.307064
-58.46498
-58.61654
-58.657047
-58.1357
-57.234043
-56.269203
-54.459267
-44.926624
-34.765736
-12.393915
36.29038
33.039326
22.959566
12.108772
2.6453037
-5.2432594
-12.016789
-18.16008
-24.242987
-30.973175
-39.0555
-47.79969
-54.74685
-59.131725
-61.89886
-63.81833
