-65.011024
-65.00695
-64.97473
-64.922226
-64.85322
-64.76919
-64.66025
-64.5291
-64.37911
-64.21218
-64.03478
-63.929565
-63.885998
-63.88675
-63.923786
-63.988243
-64.01491
-64.00971
-63.984184
-63.943157
-63.89112
-63.857483
-63.83972
-63.832745
-63.83442
-63.843243
-63.85391
-63.86644
-63.88136
-63.898777
-63.91682
-63.9059
-63.87007
-63.815804
-63.746166
-63.666912
-63.64013
-63.65844
-63.70928
-63.78693
-63.884415
-63.943974
-63.97145
-63.977596
-63.967075
-63.944164
-63.935055
-63.92939
-63.88571
-63.83501
-63.786766
-63.700096
-63.584362
-63.455395
-63.319977
-63.179695
-63.02734
-62.864178
-62.68334
-62.469788
-62.224712
-62.027954
-61.87919
-61.77099
-61.701935
-61.668926
-61.63728
-61.609646
-61.591167
-61.58321
-61.58758
-61.629284
-61.704445
-61.807076
-61.93401
-62.075203
-62.103466
-62.026604
-61.870975
-61.65359
-61.390038
-61.169277
-60.984398
-60.820538
-60.671494
-60.53556
-60.435387
-60.35416
-60.28823
-60.239124
-60.20577
-60.154106
-60.083878
-59.99236
-59.843975
-59.67261
-59.511425
-59.36502
-59.232147
-59.11192
