-65.04075
-65.05076
-65.09408
-65.14302
-65.197495
-65.25634
-65.30506
-65.3454
-65.38028
-65.41104
-65.43439
-65.38595
-65.27516
-65.116646
-64.91751
-64.68949
-64.55004
-64.48582
-64.473625
-64.503044
-64.563644
-64.585
-64.57307
-64.53992
-64.490524
-64.43006
-64.39804
-64.39055
-64.40026
-64.42397
-64.45946
-64.500275
-64.54322
-64.562355
-64.55002
-64.5075
-64.436424
-64.35266
-64.266716
-64.18311
-64.102715
-64.01039
-63.90823
-63.799213
-63.68427
-63.564354
-63.450623
-63.341473
-63.234417
-63.128296
-63.023254
-62.932205
-62.852962
-62.782345
-62.71876
-62.661915
-62.622486
-62.59831
-62.586414
-62.58522
-62.594444
-62.62561
-60.835213
-59.085144
-58.091995
-57.697388
-57.668964
-57.811737
-58.00072
-58.16849
-58.28897
-58.389645
-58.4342
-58.092236
-54.463253
-50.241264
-47.717457
-46.1009
-45.05017
-44.310917
-43.73237
-43.25668
-42.86442
-42.57438
-42.463455
-42.717987
-43.609882
-45.042507
-46.589684
-48.036114
-49.316856
-50.420784
-51.36318
-52.17067
-52.868793
-53.470802
-53.96372
-54.36662
-54.702377
-54.986237
