-65.008316
-64.99517
-64.90246
-64.75668
-64.56634
-64.34197
-64.17552
-64.05981
-63.977577
-63.921093
-63.88352
-63.824448
-63.745872
-63.65433
-63.552544
-63.44523
-63.3853
-63.367714
-63.38168
-63.4221
-63.481873
-63.494507
-63.46544
-63.407364
-63.326027
-63.22629
-63.134266
-63.048946
-62.96638
-62.88501
-62.80344
-62.711647
-62.61037
-62.501484
-62.38584
-62.263638
-62.13
-61.985767
-61.832268
-61.6702
-61.502632
-61.37189
-61.273666
-61.199142
-61.14418
-61.108047
-61.11789
-61.16933
-61.25521
-61.371723
-61.512672
-61.63048
-61.72593
-61.805374
-61.872875
-61.930027
-61.943466
-61.919495
-61.86767
-61.79299
-61.699223
-61.597347
-61.488064
-61.37074
-61.24543
-61.11206
-60.96635
-60.808968
-60.64101
-60.46255
-60.276577
-60.142513
-60.04605
-59.969433
-59.911835
-59.873177
-59.829826
-59.78479
-59.738464
-59.689064
-59.639034
-59.576046
-59.50357
-59.425915
-59.344788
-59.25828
-59.13692
-58.982433
-55.33787
-48.863968
-46.99903
-44.17703
-38.607826
-28.872274
18.21544
36.534805
28.312164
17.022396
6.436493
-2.3881283
