-65.00463
-64.9844
-64.84709
-64.63627
-64.3653
-64.05327
-63.87971
-63.83099
-63.870697
-63.9808
-64.14533
-64.282295
-64.39341
-64.49104
-64.580444
-64.66096
-64.676186
-64.63342
-64.546936
-64.424355
-64.27679
-64.20654
-64.206116
-64.25505
-64.343254
-64.46319
-64.59134
-64.72638
-64.87015
-65.02294
-65.17988
-65.26275
-65.27945
-65.247635
-65.17647
-65.07249
-64.94944
-64.809525
-64.65303
-64.480774
-64.296776
-64.15396
-64.0474
-63.95114
-63.84221
-63.72475
-63.618843
-63.529076
-63.455994
-63.39961
-63.358696
-63.322025
-63.28981
-63.263657
-63.24414
-63.224964
-63.099125
-62.8778
-62.5855
-62.234898
-61.842495
-61.549538
-61.346256
-61.205093
-61.112774
-61.0573
-60.97123
-60.856747
-60.722218
-60.54784
-60.340958
-60.12319
-59.891502
-59.65306
-59.415527
-59.18142
-58.93461
-58.677162
-58.41247
-58.14129
-57.864304
-57.601215
-57.34676
-57.09103
-56.82215
-56.523693
-56.2303
-55.463608
-49.060287
-40.12715
-29.741209
26.17721
38.594845
28.85818
16.701801
5.6538086
-3.4088142
-11.016575
-17.888401
-24.911352
