-65.08149
-65.09821
-65.16084
-65.21987
-65.27714
-65.33015
-65.32531
-65.26855
-65.172485
-65.04376
-64.8912
-64.79011
-64.73537
-64.712265
-64.71364
-64.731094
-64.69807
-64.61887
-64.50637
-64.366844
-64.20559
-64.047516
-63.892338
-63.736534
-63.57866
-63.420948
-63.311825
-63.24593
-63.21189
-63.203773
-63.217697
-63.251163
-63.30202
-63.36855
-63.449387
-63.54381
-63.657204
-63.788147
-63.934532
-64.09505
-64.26281
-64.340904
-64.33869
-64.27771
-64.166115
-63.99664
-63.834198
-63.69202
-63.56718
-63.458733
-63.3601
-63.290718
-63.251575
-63.240288
-63.255486
-63.28937
-63.23912
-63.113464
-62.933838
-62.71073
-62.4594
-62.32752
-62.30339
-62.35671
-62.472404
-62.632248
-62.68879
-62.651493
-62.548515
-62.3934
-62.200535
-62.07336
-62.00598
-61.979355
-61.984478
-62.016697
-62.086575
-62.189854
-62.321144
-62.477066
-62.648014
-62.715233
-62.68341
-62.571453
-62.390892
-62.157803
-61.975315
-61.841457
-61.74098
-61.667873
-61.617287
-61.56338
-61.506306
-61.449554
-61.39441
-61.340096
-61.264736
-61.170673
-61.06296
-60.95262
