-65.00635
-64.99332
-64.90316
-64.762085
-64.577644
-64.35926
-64.186356
-64.0506
-63.938297
-63.843506
-63.76335
-63.703876
-63.662464
-63.63639
-63.62407
-63.62427
-63.63444
-63.654152
-63.683186
-63.72125
-63.766827
-63.800907
-63.825813
-63.845066
-63.86024
-63.870865
-63.856205
-63.81959
-63.765594
-63.696457
-63.61571
-63.557007
-63.516598
-63.488514
-63.470123
-63.45895
-63.43935
-63.412647
-63.38125
-63.346146
-63.3063
-63.23775
-63.14404
-63.03018
-62.89859
-62.753494
-62.638012
-62.54713
-62.473034
-62.412228
-62.361095
-62.293915
-62.213104
-62.12285
-62.02492
-61.922806
-61.855568
-61.81837
-61.803852
-61.80863
-61.83153
-61.884373
-61.96434
-62.068043
-62.193604
-62.333023
-62.38147
-62.35243
-62.266026
-62.13156
-61.96006
-61.8394
-61.76073
-61.709297
-61.67879
-61.663834
-61.63371
-61.590816
-61.540043
-61.484993
-61.429234
-61.42018
-61.451275
-61.51311
-61.592793
-61.592876
-61.5299
-61.456047
-61.389687
-61.336426
-61.296535
-61.25349
-61.206554
-61.152313
-61.08013
-60.990032
-60.91527
-60.850147
-60.79055
-60.73732
