-65.06414
-65.07773
-65.129555
-65.17951
-65.22878
-65.27315
-65.23679
-65.12818
-64.9639
-64.752
-64.50371
-64.32253
-64.20015
-64.1169
-64.06392
-64.03414
-63.993504
-63.942932
-63.887253
-63.828278
-63.76651
-63.69595
-63.617607
-63.53308
-63.443176
-63.348297
-63.24723
-63.140408
-63.02837
-62.91143
-62.792114
-62.707664
-62.65418
-62.62376
-62.612656
-62.618305
-62.63529
-62.662838
-62.700863
-62.749023
-62.80489
-62.83455
-62.841362
-62.832317
-62.81066
-62.7777
-62.72414
-62.6521
-62.564594
-62.46329
-62.353813
-62.309387
-62.325027
-62.386253
-62.48734
-62.617184
-62.705967
-62.75819
-62.784874
-62.786087
-62.76674
-62.756077
-62.74366
-62.73405
-62.731647
-62.73479
-62.69168
-62.608047
-62.4948
-62.35681
-62.20026
-62.081516
-61.995872
-61.93249
-61.885094
-61.846527
-61.808224
-61.76588
-61.72492
-61.686302
-61.646133
-61.626633
-61.628403
-61.6489
-61.68724
-61.739075
-61.742115
-61.70237
-61.63219
-61.537167
-61.403328
-61.26801
-61.142876
-61.038162
-60.957
-60.898525
-60.84974
-60.810127
-60.780243
-60.75897
