-64.984344
-64.96393
-64.84237
-64.668175
-64.44982
-64.19962
-64.02137
-63.893085
-63.79676
-63.725014
-63.67119
-63.600018
-63.517307
-63.427906
-63.33345
-63.236607
-63.164097
-63.109722
-63.068398
-63.03786
-63.017086
-63.010834
-63.016857
-63.033344
-63.059235
-63.092148
-63.10886
-63.114468
-63.113106
-63.10648
-63.095028
-63.071037
-63.0371
-62.99532
-62.946766
-62.89421
-62.86695
-62.858307
-62.862823
-62.878166
-62.900135
-62.888638
-62.8526
-62.799335
-62.73181
-62.655212
-62.59483
-62.546062
-62.500446
-62.456863
-62.415913
-62.333893
-62.219463
-62.080822
-61.922325
-61.752518
-61.65684
-61.617256
-61.616886
-61.64729
-61.69954
-61.704124
-61.675373
-61.625
-61.557674
-61.482292
-61.488033
-61.55454
-61.66518
-61.81275
-61.98638
-62.09246
-62.15099
-62.178307
-62.18114
-62.16427
-62.140934
-62.11059
-62.07272
-62.02762
-61.97769
-61.951485
-61.94238
-61.945007
-61.95708
-61.974247
-61.952595
-61.89653
-61.815887
-61.717022
-61.605522
-61.51055
-61.426823
-61.349834
-61.277794
-61.21316
-61.205757
-61.242447
-61.312576
-61.41116
