-64.99903
-64.98351
-64.88726
-64.748924
-64.577644
-64.38156
-64.2068
-64.04348
-63.882915
-63.721848
-63.56282
-63.465622
-63.412296
-63.387726
-63.38518
-63.397266
-63.37227
-63.32232
-63.25792
-63.183228
-63.100933
-63.018566
-62.935287
-62.850258
-62.763287
-62.677555
-62.63944
-62.635715
-62.654858
-62.690685
-62.73535
-62.737453
-62.70939
-62.662624
-62.602486
-62.53238
-62.45774
-62.379005
-62.296616
-62.211266
-62.12623
-62.08062
-62.063736
-62.06647
-62.084908
-62.114826
-62.127457
-62.121532
-62.10222
-62.077217
-62.049076
-61.998085
-61.92958
-61.849033
-61.759937
-61.66718
-61.61189
-61.583767
-61.57441
-61.577637
-61.58005
-61.499523
-61.36312
-61.194298
-60.99794
-60.78559
-60.670048
-60.62493
-60.62612
-60.660576
-60.71971
-60.721058
-60.68269
-60.626335
-60.55674
-60.478127
-60.459423
-60.482822
-60.52535
-60.5794
-60.640812
-60.6093
-60.51552
-60.383915
-60.220383
-60.03218
-59.934944
-59.903805
-59.914337
-59.95848
-60.028114
-60.075443
-60.10474
-60.124645
-60.141815
-60.157654
-60.15405
-60.136623
-60.1099
-60.07599
