-65.07169
-65.08371
-65.120865
-65.14551
-65.16094
-65.16964
-65.18341
-65.20197
-65.22349
-65.24715
-65.269
-65.23194
-65.14168
-65.01111
-64.846924
-64.65634
-64.48838
-64.340645
-64.20447
-64.07584
-63.9553
-63.889168
-63.87134
-63.89001
-63.938824
-64.0072
-63.988514
-63.891155
-63.737007
-63.536095
-63.29131
-63.047005
-62.792522
-62.526676
-62.257477
-61.995167
-61.856907
-61.83052
-61.88904
-62.018208
-62.19854
-62.260788
-62.21626
-62.097553
-61.920303
-61.70108
-61.559387
-61.488377
-61.46608
-61.48215
-61.523952
-61.484158
-61.37016
-61.202854
-60.992302
-60.754612
-60.655155
-60.680595
-60.7952
-60.95943
-61.15633
-61.297916
-61.3969
-61.474407
-61.539207
-61.593792
-61.608616
-61.588413
-61.54131
-61.471626
-61.38445
-61.31841
-61.27129
-61.236046
-61.20943
-61.189404
-61.173172
-61.159977
-61.14947
-61.14132
-61.137943
-61.183388
-61.272896
-61.396286
-61.54825
-61.193
-59.061985
-57.85034
-57.322544
-57.261745
-57.45233
-57.665997
-57.82159
-57.900543
-57.903034
-57.837982
-57.762974
-57.66939
-57.526047
-57.24342
