-65.0234
-65.0217
-64.99733
-64.949554
-64.88177
-64.79918
-64.74963
-64.72585
-64.720055
-64.72889
-64.74634
-64.712204
-64.63602
-64.52793
-64.3924
-64.234535
-64.09052
-63.955708
-63.824875
-63.696007
-63.57165
-63.505352
-63.4868
-63.505486
-63.556408
-63.633495
-63.69308
-63.740746
-63.782696
-63.82131
-63.856915
-63.87582
-63.881237
-63.87631
-63.862617
-63.84188
-63.82453
-63.809433
-63.795265
-63.78157
-63.766624
-63.728153
-63.67006
-63.59642
-63.509117
-63.40103
-63.247242
-63.062424
-62.858208
-62.63975
-62.41362
-62.240944
-62.111588
-62.014717
-61.945293
-61.89946
-61.866753
-61.8467
-61.838234
-61.835102
-61.830444
-61.774178
-61.679195
-61.5575
-61.41567
-61.2596
-61.13845
-61.047684
-60.980583
-60.930298
-60.89224
-60.846535
-60.79519
-60.73776
-60.672672
-60.60555
-60.5748
-60.575043
-60.60013
-60.647205
-60.709564
-60.71484
-60.674686
-60.60133
-60.49967
-60.37716
-60.316154
-60.303898
-60.32697
-60.37975
-60.455334
-60.498074
-60.51595
-60.51674
-60.50007
-60.470367
-60.441418
-60.41126
-60.375362
-60.336308
