-65.01013
-64.99888
-64.9183
-64.79018
-64.621635
-64.42003
-64.23714
-64.06825
-63.905113
-63.74428
-63.586983
-63.47967
-63.41509
-63.383213
-63.379185
-63.396103
-63.372154
-63.31399
-63.23237
-63.13199
-63.018673
-62.9426
-62.8983
-62.87693
-62.87455
-62.886753
-62.87985
-62.857143
-62.82423
-62.783493
-62.737606
-62.7082
-62.692955
-62.687847
-62.69077
-62.69858
-62.68006
-62.6392
-62.58193
-62.511047
-62.428
-62.33001
-62.218445
-62.094723
-61.959705
-61.81719
-61.71682
-61.65189
-61.591003
-61.50965
-61.42821
-61.306755
-61.15731
-60.991676
-60.814545
-60.629322
-60.456673
-60.29428
-60.138355
-59.987053
-59.840984
-59.72694
-59.64051
-59.575752
-59.529755
-59.501614
-59.504383
-59.535187
-59.590492
-59.668427
-59.76367
-59.81275
-59.823368
-59.807144
-59.76921
-59.71203
-59.629776
-59.522884
-59.39221
-59.23896
-59.068794
-58.956684
-58.89345
-58.8657
-58.86796
-58.894127
-58.892452
-58.86856
-58.83138
-58.784695
-58.732246
-58.70075
-58.687626
-58.68852
-58.70163
-58.72452
-58.73406
-58.73286
-58.72499
-58.71218
