-65.04193
-65.048744
-65.06857
-65.07941
-65.08323
-65.08084
-65.068565
-65.04678
-65.01667
-64.978935
-64.93345
-64.86922
-64.78638
-64.68733
-64.57344
-64.44798
-64.353226
-64.29044
-64.25231
-64.23515
-64.235245
-64.22591
-64.205475
-64.17771
-64.1443
-64.10578
-64.05585
-63.99478
-63.924187
-63.84497
-63.759243
-63.693626
-63.648945
-63.620594
-63.606274
-63.606037
-63.64519
-63.723427
-63.817314
-63.86332
-63.901363
-63.889187
-63.835796
-63.757336
-63.660763
-63.54916
-63.422543
-63.281128
-63.125164
-62.954857
-62.77292
-62.62281
-62.50551
-62.413166
-62.341816
-62.288292
-62.239063
-62.192616
-62.150085
-62.111748
-62.076958
-62.034367
-61.983627
-61.92668
-61.864452
-61.798588
-61.74904
-61.716377
-61.697094
-61.689423
-61.690605
-61.67108
-61.629757
-61.57151
-61.498585
-61.414227
-61.35758
-61.32955
-61.323154
-61.334995
-61.361412
-61.371597
-61.36418
-61.34406
-61.31359
-61.276436
-61.272827
-61.304146
-61.363594
-61.447803
-61.551144
-61.609695
-61.62127
-61.596672
-61.541214
-61.460266
-61.393204
-61.342335
-61.302013
-61.26971
