-64.947075
-64.9068
-64.667656
-64.3242
-63.893642
-63.40458
-63.141888
-63.069656
-63.13107
-63.299976
-63.552917
-63.763126
-63.939735
-64.102005
-64.25738
-64.40243
-64.42363
-64.33994
-64.17805
-63.95111
-63.67755
-63.51958
-63.458282
-63.462666
-63.51882
-63.616447
-63.71875
-63.815876
-63.91013
-64.007324
-64.111725
-64.24034
-64.39158
-64.5626
-64.75229
-64.94712
-64.94383
-64.772575
-64.477905
-64.08127
-63.612892
-63.34385
-63.241936
-63.25479
-63.358727
-63.530983
-63.63069
-63.670284
-63.6732
-63.64916
-63.59736
-63.4222
-63.141026
-62.777508
-62.343575
-61.86318
-61.59622
-61.50881
-61.54825
-61.69018
-61.908684
-62.022526
-62.04952
-62.021324
-61.951466
-61.847965
-61.718666
-41.030056
-33.19783
6.237439
41.552704
38.43732
31.669804
22.900328
13.552468
4.8340254
-2.858289
-9.771038
-16.317356
-22.527725
-28.646667
-35.242706
-42.330612
-48.828323
-53.592575
-56.637577
-58.596066
-59.946457
-60.94246
-61.71651
-62.341747
-62.837566
-63.242905
-63.58427
-63.877407
-64.13166
-64.34041
-64.51274
-64.65532
-64.77127
