-65.011986
-65.00207
-64.928444
-64.8114
-64.65977
-64.48565
-64.390724
-64.35113
-64.34619
-64.36731
-64.405495
-64.397804
-64.35808
-64.298416
-64.223694
-64.13768
-64.05733
-63.97969
-63.90211
-63.82363
-63.745495
-63.6919
-63.65619
-63.632717
-63.61899
-63.61196
-63.58786
-63.55208
-63.509296
-63.461407
-63.413025
-63.4161
-63.457417
-63.52564
-63.61587
-63.717278
-63.712963
-63.63224
-63.500248
-63.32772
-63.127758
-63.004066
-62.93287
-62.89354
-62.877644
-62.879807
-62.88729
-62.90071
-62.92089
-62.94778
-62.97959
-62.993027
-62.99404
-62.987694
-62.976128
-62.95897
-62.913986
-62.847824
-62.76607
-62.671272
-62.567482
-62.491817
-62.435413
-62.390644
-62.354347
-62.324715
-62.30017
-62.280075
-62.264004
-62.251606
-62.24111
-62.210506
-62.16543
-62.110687
-62.048347
-61.9795
-61.903503
-61.821266
-61.73348
-61.640568
-61.54364
-61.454643
-61.37063
-61.28909
-61.208973
-61.1352
-61.14678
-61.22238
-61.34389
-61.503326
-61.689095
-61.799145
-61.85776
-61.88581
-61.891865
-61.88225
-61.882328
-61.888126
-61.896587
-61.90782
