-65.009735
-64.99901
-64.91787
-64.78604
-64.61245
-64.40883
-64.274475
-64.197914
-64.16027
-64.15302
-64.16861
-64.16553
-64.146935
-64.11929
-64.08518
-64.04996
-64.07644
-64.15594
-64.2752
-64.4279
-64.60544
-64.732704
-64.81841
-64.876884
-64.914536
-64.935036
-64.93778
-64.92514
-64.89925
-64.86155
-64.808525
-64.6688
-64.45389
-64.18031
-63.856266
-63.496235
-63.247974
-63.092808
-63.00126
-62.9598
-62.957497
-62.94702
-62.930454
-62.913822
-62.89911
-62.887108
-62.877
-62.86917
-62.863987
-62.861607
-62.86394
-62.899876
-62.96509
-63.053204
-63.1611
-63.283283
-63.363598
-63.409157
-63.43117
-63.434795
-63.426647
-63.4631
-63.53761
-63.639412
-63.76364
-63.900074
-63.932693
-63.87712
-63.757416
-63.58489
-63.370953
-63.18852
-63.031055
-62.88638
-62.749466
-62.619354
-62.52345
-62.44979
-62.382034
-62.320736
-62.265434
-62.16114
-62.01722
-61.846577
-61.654907
-61.45338
-61.392994
-61.451775
-61.597836
-61.81669
-62.0856
-62.179585
-62.12696
-61.97244
-61.73563
-61.432762
-61.163105
-60.91805
-60.680748
-60.445206
