-65.03329
-65.03296
-65.009
-64.956345
-64.88128
-64.79103
-64.73777
-64.709854
-64.697105
-64.69538
-64.69926
-64.662476
-64.595985
-64.509285
-64.40636
-64.29173
-64.19973
-64.122604
-64.05362
-63.990047
-63.93092
-63.883175
-63.84409
-63.81144
-63.78414
-63.756897
-63.66305
-63.51987
-63.342113
-63.13616
-62.909996
-62.72733
-62.57355
-62.435986
-62.309483
-62.19782
-62.194977
-62.274323
-62.41333
-62.6019
-62.82614
-62.969387
-63.058693
-63.11744
-63.15519
-63.176487
-63.17366
-63.152637
-63.11815
-63.075546
-63.028366
-63.010006
-62.97776
-62.933037
-62.89721
-62.87061
-62.900692
-62.97676
-63.08889
-63.232388
-63.400215
-63.533585
-63.64578
-63.748184
-63.845257
-63.93353
-63.93092
-63.860043
-63.73968
-63.57848
-63.391582
-63.236404
-63.10153
-62.971237
-62.839108
-62.70582
-62.55226
-62.381287
-62.194733
-61.993156
-61.79412
-61.781975
-61.907154
-62.123806
-62.412197
-62.746532
-62.90599
-62.94293
-62.902733
-62.80441
-62.66355
-62.555775
-62.467453
-62.386272
-62.307793
-62.232487
-62.203644
-62.207355
-62.210114
-62.11057
