-65.0257
-65.021965
-64.98032
-64.90474
-64.80242
-64.685974
-64.67785
-64.74803
-64.87064
-65.03472
-65.22357
-65.283875
-65.25255
-65.161476
-65.02402
-64.85885
-64.83001
-64.89845
-65.03042
-65.21179
-65.42434
-65.51592
-65.52216
-65.47397
-65.38413
-65.260994
-65.12479
-64.97447
-64.808716
-64.62758
-64.433846
-64.26322
-64.10664
-63.956394
-63.80924
-63.664143
-63.53131
-63.40698
-63.284428
-63.117157
-62.904564
-62.714054
-62.554134
-62.424423
-62.323956
-62.248596
-62.163616
-62.075615
-61.9901
-61.90868
-61.832134
-61.76425
-61.703125
-61.63876
-61.559746
-61.457977
-61.278896
-61.046925
-60.781624
-60.49239
-60.18983
-59.954136
-59.766518
-59.610535
-59.479153
-59.371265
-59.327946
-59.335644
-59.383057
-59.464794
-59.57284
-59.63861
-59.67779
-59.703835
-59.722084
-59.73637
-59.76205
-59.796635
-59.837795
-59.884693
-59.933506
-59.935505
-59.90331
-59.847652
-59.773136
-59.68237
-59.576183
-59.455997
-59.32285
-59.177444
-59.028763
-58.999317
-59.057137
-59.175095
-59.34153
-59.54277
-59.68217
-59.789516
-59.87411
-59.940323
