-65.00841
-64.996864
-64.91489
-64.787
-64.62248
-64.4345
-64.3367
-64.30221
-64.30774
-64.343605
-64.39772
-64.332
-64.031624
-63.651352
-63.25755
-62.855217
-62.507523
-62.199566
-61.924778
-61.68514
-61.482407
-61.316956
-61.186848
-61.089367
-61.021626
-60.974667
-60.85775
-60.691147
-60.491497
-60.264355
-60.02039
-59.879425
-59.811077
-59.78952
-59.803852
-59.84651
-59.89444
-59.949833
-60.014877
-60.089848
-60.17262
-60.234447
-60.282585
-60.323174
-60.358757
-60.387512
-60.363667
-60.30019
-60.20802
-60.09204
-59.964367
-59.959526
-60.043728
-60.188107
-60.380398
-60.605362
-60.74091
-60.815002
-60.851845
-60.86131
-60.847664
-60.796593
-60.715168
-60.60906
-60.481224
-60.337776
-60.240425
-60.174152
-60.126118
-60.091003
-60.064686
-60.028893
-59.986717
-59.94098
-59.892647
-59.843536
-59.813213
-59.79672
-59.789825
-59.790714
-59.79325
-59.72358
-59.600613
-59.44047
-59.25004
-59.037178
-58.894722
-58.785446
-58.66218
-58.533623
-58.419823
-58.308945
-58.212128
-58.135914
-58.082104
-58.04793
-57.991665
-57.92327
-57.850994
-57.77788
