-65.04226
-65.04687
-65.04774
-65.02576
-64.98554
-64.93176
-64.89412
-64.86983
-64.8538
-64.84385
-64.839645
-64.85505
-64.88725
-64.93257
-64.9891
-65.04651
-64.962006
-64.756165
-64.459785
-64.0876
-63.66711
-63.490055
-63.518593
-63.693584
-63.987587
-64.36613
-64.54352
-64.55208
-64.44563
-64.248245
-63.9881
-63.889503
-63.927425
-64.05988
-64.26811
-64.14583
-63.742928
-63.337585
-62.952908
-62.60372
-62.29601
-62.163338
-62.158234
-62.229965
-62.354153
-62.51562
-62.669117
-62.816418
-62.96349
-63.11272
-63.262794
-63.37269
-63.449028
-63.500896
-63.531902
-63.54321
-63.539886
-63.523197
-63.494286
-63.454544
-63.403755
-63.31971
-63.2068
-63.070908
-62.915142
-62.74726
-62.657494
-62.633747
-62.657425
-62.719845
-62.808372
-62.80573
-62.72615
-62.592545
-62.415344
-62.20609
-62.04997
-61.936016
-61.847336
-61.776947
-61.721817
-61.687454
-61.67162
-61.671932
-61.687057
-61.712456
-61.69113
-61.63088
-61.543564
-61.434708
-61.313206
-61.267452
-61.286297
-61.3521
-61.456745
-61.58648
-61.61167
-61.50324
-61.29464
-61.028435
