-64.99235
-64.97357
-64.85415
-64.67771
-64.45547
-64.201126
-64.02094
-63.890717
-63.789417
-63.708458
-63.644203
-63.610023
-63.59957
-63.607735
-63.63188
-63.673405
-63.77579
-63.926266
-64.114
-64.33399
-64.57053
-64.63938
-64.587494
-64.455086
-64.25944
-64.02366
-63.94357
-63.97322
-64.07282
-64.22584
-64.41373
-64.502144
-64.52022
-64.49339
-64.43186
-64.34384
-64.27031
-64.20385
-64.13794
-64.07042
-64.00302
-63.97246
-63.96892
-63.984188
-64.01484
-64.052414
-64.00096
-63.884975
-63.72546
-63.531483
-63.314472
-63.16666
-63.06678
-62.996403
-62.947964
-62.91601
-62.88013
-62.84324
-62.80808
-62.775486
-62.748817
-62.771965
-62.833324
-62.922977
-63.036537
-63.160732
-63.140396
-63.015102
-62.81872
-62.565792
-62.274803
-62.0965
-61.995987
-61.94306
-61.925335
-61.933617
-61.930668
-61.92229
-61.913845
-61.90707
-61.903587
-61.915943
-61.941105
-61.976414
-62.0207
-62.06872
-62.05467
-61.995552
-61.9059
-61.79197
-61.66314
-61.60461
-61.59599
-61.619705
-61.66843
-61.740425
-61.867886
-62.03971
-62.246685
-62.484352
