-64.99114
-64.971825
-64.849594
-64.66952
-64.44293
-64.18415
-64.006485
-63.883904
-63.79382
-63.72697
-63.684254
-63.74987
-63.89838
-64.1084
-64.3701
-64.662056
-64.75763
-64.71333
-64.57879
-64.374756
-64.12414
-64.00534
-63.985214
-64.0255
-64.10893
-64.217186
-64.23387
-64.18495
-64.09253
-63.965157
-63.81361
-63.729233
-63.690678
-63.679607
-63.68866
-63.70857
-63.660255
-63.562767
-63.432693
-63.275013
-63.00265
-62.58377
-62.085697
-61.569
-61.058693
-60.565487
-60.19988
-59.925293
-59.71235
-59.548824
-59.413853
-59.091785
-58.63758
-58.09918
-57.498302
-56.857216
-56.317177
-55.848267
-55.42413
-55.034203
-54.67034
-54.296307
-53.915157
-53.524887
-53.109505
-52.619686
-51.799652
-48.116676
-40.222595
-34.141605
-10.524426
35.337616
34.0419
26.76705
17.92184
9.136298
1.1686525
-5.8363423
-11.992024
-17.468016
-22.568027
-27.660065
-32.98382
-38.528942
-43.842007
-48.267628
-51.489235
-53.712227
-55.304783
-56.526657
-57.521255
-58.379337
-59.136692
-59.81862
-60.44332
-61.017166
-61.457275
-61.800083
-62.07691
-62.298607
