-65.02545
-65.0216
-64.97937
-64.90303
-64.799805
-64.68192
-64.66607
-64.72211
-64.823555
-64.95875
-65.107475
-65.06861
-64.89156
-64.61876
-64.26818
-63.862293
-63.580284
-63.38157
-63.231133
-63.11508
-63.02176
-62.884453
-62.717537
-62.534107
-62.340027
-62.144855
-62.034996
-61.990147
-61.992687
-62.035088
-62.10088
-62.0154
-61.821625
-61.55628
-61.234634
-60.879513
-60.701637
-60.65017
-60.681366
-60.776943
-60.91176
-60.866932
-60.694096
-60.43778
-60.116367
-59.75262
-59.532192
-59.37161
-59.186882
-59.023815
-58.903454
-58.815968
-58.763607
-58.746204
-58.761486
-58.801796
-58.79114
-58.74701
-58.684155
-58.60824
-58.524933
-58.47502
-58.449234
-58.439545
-58.44266
-58.457874
-58.50078
-58.566048
-58.649258
-58.748253
-58.858356
-58.93038
-58.9765
-59.007027
-59.026207
-59.037125
-59.051872
-59.06856
-59.085438
-59.101902
-59.117634
-59.132145
-59.14541
-59.157413
-59.168137
-59.175697
-59.153416
-59.108337
-59.04644
-58.970306
-58.885002
-58.842804
-58.83082
-58.838036
-58.85985
-58.892944
-58.925526
-58.959114
-58.995136
-59.033962
