-64.961464
-64.92877
-64.73734
-64.46754
-64.134254
-63.763138
-63.60217
-63.590828
-63.676987
-63.83867
-64.051315
-64.13428
-64.12793
-64.06747
-63.967148
-63.837627
-63.723522
-63.61757
-63.513073
-63.407753
-63.302082
-63.21782
-63.148693
-63.089428
-63.037697
-62.98858
-62.89028
-62.755722
-62.595985
-62.415802
-62.22677
-62.158627
-62.17858
-62.25853
-62.386448
-62.548058
-62.633614
-62.667927
-62.672546
-62.656197
-62.62675
-62.63103
-62.659386
-62.70328
-62.75936
-62.823635
-62.863754
-62.887253
-62.900673
-62.906715
-62.90718
-62.90704
-62.90588
-62.903267
-62.899136
-62.897217
-62.950817
-63.045803
-63.17013
-63.318535
-63.476494
-63.47741
-63.363678
-63.17162
-62.916843
-62.621967
-62.488586
-62.468674
-62.52079
-62.627705
-62.77322
-62.858128
-62.902954
-62.924877
-62.92374
-62.90586
-62.90938
-62.930233
-62.96381
-63.0084
-63.053947
-62.97041
-62.791527
-62.546066
-62.246445
-61.81191
-61.439693
-61.18258
-61.032272
-60.97784
-61.005314
-61.061802
-61.147495
-61.263065
-61.406666
-61.567276
-61.62793
-61.616302
-61.558704
-61.47102
