-65.08247
-65.10432
-65.19504
-65.29108
-65.39282
-65.49588
-65.53256
-65.5209
-65.47624
-65.40527
-65.31163
-65.194275
-65.05592
-64.898674
-64.72383
-64.536354
-64.394615
-64.283844
-64.191414
-64.111984
-64.04548
-64.03304
-64.0619
-64.12132
-63.125263
-62.338387
-61.81298
-61.513073
-61.40918
-61.451626
-61.577133
-61.629272
-61.611603
-61.536625
-61.410408
-61.242527
-61.097893
-60.9645
-60.831913
-60.69665
-60.56431
-60.537674
-60.588833
-60.694168
-60.84333
-61.02572
-61.172634
-61.29835
-61.415375
-61.52849
-61.64069
-61.76024
-61.886284
-62.017925
-62.154903
-62.28918
-62.30643
-62.23703
-62.106846
-61.927208
-61.712975
-61.586735
-61.520092
-61.48851
-61.48197
-61.493053
-61.49149
-61.482075
-61.46924
-61.454468
-61.437492
-61.404827
-61.36038
-61.30742
-61.247406
-61.181946
-61.12237
-61.06622
-61.011353
-60.956932
-60.905235
-60.89542
-60.916843
-60.96046
-61.0223
-61.091583
-61.04553
-60.915245
-60.727352
-60.49321
-60.2306
-60.105663
-60.078342
-60.114243
-60.199047
-60.323967
-60.47402
-60.64821
-60.846153
-61.06686
