-65.06959
-65.087074
-65.15684
-65.22712
-65.29893
-65.36715
-65.342445
-65.23843
-65.074974
-64.86171
-64.61267
-64.45615
-64.37678
-64.34972
-64.363716
-64.408394
-64.42356
-64.414154
-64.38988
-64.354675
-64.31253
-64.29251
-64.291435
-64.30392
-64.3275
-64.35748
-64.34207
-64.28813
-64.20629
-64.10152
-63.979206
-63.877525
-63.792664
-63.7179
-63.650345
-63.59142
-63.588547
-63.633667
-63.7155
-63.828415
-63.963478
-64.03537
-64.0545
-64.03755
-63.992138
-63.92568
-63.88514
-63.866257
-63.861095
-63.86633
-63.878498
-63.872032
-63.849693
-63.81621
-63.773697
-63.726215
-63.718548
-63.744743
-63.78914
-63.795162
-63.757263
-63.650284
-63.49198
-63.29528
-63.069515
-62.823044
-62.579617
-62.345245
-62.127014
-61.932133
-61.765053
-61.64693
-61.567688
-61.52709
-61.52408
-61.54966
-61.50398
-61.39676
-61.244873
-61.05514
-60.83998
-60.734814
-60.717648
-60.659462
-60.536106
-60.4238
-60.285423
-60.148067
-60.031246
-59.937824
-59.86032
-59.739033
-59.57602
-59.37846
-59.148716
-58.89325
-58.70538
-58.571312
-58.470417
-58.391064
