-65.02548
-65.021645
-64.979485
-64.90323
-64.80011
-64.67171
-64.481316
-64.241295
-63.961926
-63.648094
-63.31707
-63.17606
-63.172024
-63.259613
-63.41935
-63.628063
-63.707085
-63.696922
-63.63278
-63.528984
-63.399803
-63.34116
-63.332195
-63.35463
-63.401127
-63.45476
-63.327477
-63.06692
-62.713966
-62.286312
-61.81901
-61.66824
-61.7453
-61.974213
-62.32279
-62.754013
-62.989677
-63.092216
-63.11596
-63.082916
-63.009686
-62.967266
-62.943882
-62.928715
-62.918026
-62.908802
-62.882767
-62.84391
-62.79578
-62.73985
-62.675808
-62.587524
-62.47984
-62.35683
-62.22039
-62.07421
-61.95565
-61.85556
-61.7661
-61.684
-61.61046
-61.58849
-61.605556
-61.651115
-61.720383
-61.809593
-61.904007
-62.001404
-62.08562
-62.14242
-62.16565
-62.07181
-61.893112
-61.6558
-61.371902
-61.052685
-60.77446
-60.518112
-60.265823
-60.00798
-59.737762
-59.45342
-59.151726
-58.832287
-58.49706
-58.144543
-57.71564
-57.228817
-56.69941
-56.134205
-55.53594
-54.893738
-54.211025
-53.48803
-52.717834
-51.888573
-51.064445
-49.950363
-45.779472
-37.42644
