256
0.0000 0.0000 0.0000 0.0000
0.0000 0.0000 0.0000 0.0000
0.0000 0.0000 0.0000 0.0000
0.0000 0.0000 0.0000 0.0000
0.0000 0.0000 0.0000 0.0000
0.0000 0.0000 0.0000 0.0000
0.0000 0.0000 0.0000 0.0000
0.0000 0.0000 0.0000 0.0000
0.0000 0.0000 0.0000 0.0000
0.0000 0.0000 0.0000 0.0000
0.0000 0.0000 0.0000 0.0000
0.0000 0.0000 0.0000 0.0000
0.0000 0.0000 0.0000 0.0000
0.0000 0.0000 0.0000 0.0000
0.0000 0.0000 0.0000 0.0000
0.0000 0.0000 0.0000 0.0000
0.0000 0.0000 0.0000 0.0000
0.0000 0.0000 0.0000 0.0000
0.0000 0.0000 0.0000 0.0000
0.0000 0.0000 0.0000 0.0000
0.0000 0.0000 0.0000 0.0000
0.0000 0.0000 0.0000 0.0000
0.0000 0.0000 0.0000 0.0000
0.0000 0.0000 0.0000 0.0000
0.0000 0.0000 0.0000 0.0000
0.0000 0.0000 0.0000 0.0000
0.0000 0.0000 0.0000 0.0000
0.0000 0.0000 0.0000 0.0000
0.0000 0.0000 0.0000 0.0000
0.0000 0.0000 0.0000 0.0000
0.0000 0.0000 0.0000 0.0000
0.0000 0.0000 0.0000 0.0000
0.0000 0.0000 0.0000 0.0000
0.0000 0.0000 0.0000 0.0000
0.0000 0.0000 0.0000 0.0000
0.0000 0.0000 0.0000 0.0000
0.0000 0.0000 0.0000 0.0000
0.0000 0.0000 0.0000 0.0000
0.0000 0.0000 0.0000 0.0000
0.0000 0.0000 0.0000 0.0000
0.0000 0.0000 0.0000 0.0000
0.0000 0.0000 0.0000 0.0000
0.0000 0.0000 0.0000 0.0000
0.0000 0.0000 0.0000 0.0000
0.0000 0.0000 0.0000 0.0000
0.0000 0.0000 0.0000 0.0000
0.0000 0.0000 0.0000 0.0000
0.0000 0.0000 0.0000 0.0000
0.0000 0.0000 0.0000 0.0000
0.0000 0.0000 0.0000 0.0000
0.0000 0.0000 0.0000 0.0000
0.0000 0.0000 0.0000 0.0000
0.0000 0.0000 0.0000 0.0000
0.0000 0.0000 0.0000 0.0000
0.0000 0.0000 0.0000 0.0000
0.0000 0.0000 0.0000 0.0000
0.0000 0.0000 0.0000 0.0000
0.0000 0.0000 0.0000 0.0000
0.0000 0.0000 0.0000 0.0000
0.0000 0.0000 0.0000 0.0000
0.0000 0.0000 0.0000 0.0000
0.1302 0.1616 0.1780 0.3000
0.1302 0.1616 0.1780 0.3000
0.1302 0.1616 0.1780 0.3000
0.1302 0.1616 0.1780 0.3000
0.1302 0.1616 0.1780 0.3000
0.1302 0.1616 0.1780 0.3000
0.1302 0.1616 0.1780 0.3000
0.1302 0.1616 0.1780 0.3000
0.1302 0.1616 0.1780 0.3000
0.1302 0.1616 0.1780 0.3000
0.1302 0.1616 0.1780 0.3000
0.1302 0.1616 0.1780 0.3000
0.0243 0.0941 0.1412 0.3000
0.0243 0.0941 0.1412 0.3000
0.0243 0.0941 0.1412 0.3000
0.0243 0.0941 0.1412 0.3000
0.0243 0.0941 0.1412 0.3000
0.0243 0.0941 0.1412 0.3000
0.0243 0.0941 0.1412 0.3000
0.0243 0.0941 0.1412 0.3000
0.0243 0.0941 0.1412 0.3000
0.0243 0.0941 0.1412 0.3000
0.0243 0.0941 0.1412 0.3000
0.0243 0.0941 0.1412 0.3000
0.1396 0.1749 0.1082 0.3000
0.1396 0.1749 0.1082 0.3000
0.1396 0.1749 0.1082 0.3000
0.1396 0.1749 0.1082 0.3000
0.1396 0.1749 0.1082 0.3000
0.1396 0.1749 0.1082 0.3000
0.1396 0.1749 0.1082 0.3000
0.1396 0.1749 0.1082 0.3000
0.1396 0.1749 0.1082 0.3000
0.1396 0.1749 0.1082 0.3000
0.1396 0.1749 0.1082 0.3000
0.1396 0.1749 0.1082 0.3000
0.0400 0.1255 0.0345 0.3000
0.0400 0.1255 0.0345 0.3000
0.0400 0.1255 0.0345 0.3000
0.0400 0.1255 0.0345 0.3000
0.0400 0.1255 0.0345 0.3000
0.0400 0.1255 0.0345 0.3000
0.0400 0.1255 0.0345 0.3000
0.0400 0.1255 0.0345 0.3000
0.0400 0.1255 0.0345 0.3000
0.0400 0.1255 0.0345 0.3000
0.0400 0.1255 0.0345 0.3000
0.0400 0.1255 0.0345 0.3000
0.1969 0.1208 0.1200 0.3000
0.1969 0.1208 0.1200 0.3000
0.1969 0.1208 0.1200 0.3000
0.1969 0.1208 0.1200 0.3000
0.1969 0.1208 0.1200 0.3000
0.1969 0.1208 0.1200 0.3000
0.1969 0.1208 0.1200 0.3000
0.1969 0.1208 0.1200 0.3000
0.1969 0.1208 0.1200 0.3000
0.1969 0.1208 0.1200 0.3000
0.1969 0.1208 0.1200 0.3000
0.1969 0.1208 0.1200 0.3000
0.1969 0.1208 0.1200 0.3000
0.1780 0.0204 0.0220 0.3000
0.1780 0.0204 0.0220 0.3000
0.1780 0.0204 0.0220 0.3000
0.1780 0.0204 0.0220 0.3000
0.1780 0.0204 0.0220 0.3000
0.1780 0.0204 0.0220 0.3000
0.1780 0.0204 0.0220 0.3000
0.1780 0.0204 0.0220 0.3000
0.1780 0.0204 0.0220 0.3000
0.1780 0.0204 0.0220 0.3000
0.1780 0.0204 0.0220 0.3000
0.1780 0.0204 0.0220 0.3000
0.1984 0.1498 0.0871 0.3000
0.1984 0.1498 0.0871 0.3000
0.1984 0.1498 0.0871 0.3000
0.1984 0.1498 0.0871 0.3000
0.1984 0.1498 0.0871 0.3000
0.1984 0.1498 0.0871 0.3000
0.1984 0.1498 0.0871 0.3000
0.1984 0.1498 0.0871 0.3000
0.1984 0.1498 0.0871 0.3000
0.1984 0.1498 0.0871 0.3000
0.1984 0.1498 0.0871 0.3000
0.1984 0.1498 0.0871 0.3000
0.2000 0.0996 0.0000 0.3000
0.2000 0.0996 0.0000 0.3000
0.2000 0.0996 0.0000 0.3000
0.2000 0.0996 0.0000 0.3000
0.2000 0.0996 0.0000 0.3000
0.2000 0.0996 0.0000 0.3000
0.2000 0.0996 0.0000 0.3000
0.2000 0.0996 0.0000 0.3000
0.2000 0.0996 0.0000 0.3000
0.2000 0.0996 0.0000 0.3000
0.2000 0.0996 0.0000 0.3000
0.2000 0.0996 0.0000 0.3000
0.1584 0.1396 0.1678 0.3000
0.1584 0.1396 0.1678 0.3000
0.1584 0.1396 0.1678 0.3000
0.1584 0.1396 0.1678 0.3000
0.1584 0.1396 0.1678 0.3000
0.1584 0.1396 0.1678 0.3000
0.1584 0.1396 0.1678 0.3000
0.1584 0.1396 0.1678 0.3000
0.1584 0.1396 0.1678 0.3000
0.1584 0.1396 0.1678 0.3000
0.1584 0.1396 0.1678 0.3000
0.1584 0.1396 0.1678 0.3000
0.1584 0.1396 0.1678 0.3000
0.0831 0.0478 0.1208 0.3000
0.0831 0.0478 0.1208 0.3000
0.0831 0.0478 0.1208 0.3000
0.0831 0.0478 0.1208 0.3000
0.0831 0.0478 0.1208 0.3000
0.0831 0.0478 0.1208 0.3000
0.0831 0.0478 0.1208 0.3000
0.0831 0.0478 0.1208 0.3000
0.0831 0.0478 0.1208 0.3000
0.0831 0.0478 0.1208 0.3000
0.0831 0.0478 0.1208 0.3000
0.0831 0.0478 0.1208 0.3000
0.2000 0.2000 0.1200 0.3000
0.2000 0.2000 0.1200 0.3000
0.2000 0.2000 0.1200 0.3000
0.2000 0.2000 0.1200 0.3000
0.2000 0.2000 0.1200 0.3000
0.2000 0.2000 0.1200 0.3000
0.2000 0.2000 0.1200 0.3000
0.2000 0.2000 0.1200 0.3000
0.2000 0.2000 0.1200 0.3000
0.2000 0.2000 0.1200 0.3000
0.2000 0.2000 0.1200 0.3000
0.2000 0.2000 0.1200 0.3000
0.1388 0.0698 0.0314 0.3000
0.1388 0.0698 0.0314 0.3000
0.1388 0.0698 0.0314 0.3000
0.1388 0.0698 0.0314 0.3000
0.1388 0.0698 0.0314 0.3000
0.1388 0.0698 0.0314 0.3000
0.1388 0.0698 0.0314 0.3000
0.1388 0.0698 0.0314 0.3000
0.1388 0.0698 0.0314 0.3000
0.1388 0.0698 0.0314 0.3000
0.1388 0.0698 0.0314 0.3000
0.1388 0.0698 0.0314 0.3000
0.1302 0.1616 0.1780 0.3000
0.1302 0.1616 0.1780 0.3000
0.1302 0.1616 0.1780 0.3000
0.1302 0.1616 0.1780 0.3000
0.1302 0.1616 0.1780 0.3000
0.1302 0.1616 0.1780 0.3000
0.1302 0.1616 0.1780 0.3000
0.1302 0.1616 0.1780 0.3000
0.1302 0.1616 0.1780 0.3000
0.1302 0.1616 0.1780 0.3000
0.1302 0.1616 0.1780 0.3000
0.1302 0.1616 0.1780 0.3000
0.1302 0.1616 0.1780 0.3000
0.0243 0.0941 0.1412 0.3000
0.0243 0.0941 0.1412 0.3000
0.0243 0.0941 0.1412 0.3000
0.0243 0.0941 0.1412 0.3000
0.0243 0.0941 0.1412 0.3000
0.0243 0.0941 0.1412 0.3000
0.0243 0.0941 0.1412 0.3000
0.0243 0.0941 0.1412 0.3000
0.0243 0.0941 0.1412 0.3000
0.0243 0.0941 0.1412 0.3000
0.0243 0.0941 0.1412 0.3000
0.0243 0.0941 0.1412 0.3000
0.1396 0.1749 0.1082 0.3000
0.1396 0.1749 0.1082 0.3000
0.1396 0.1749 0.1082 0.3000
0.1396 0.1749 0.1082 0.3000
0.1396 0.1749 0.1082 0.3000
0.1396 0.1749 0.1082 0.3000
0.1396 0.1749 0.1082 0.3000
0.1396 0.1749 0.1082 0.3000
0.1396 0.1749 0.1082 0.3000
0.1396 0.1749 0.1082 0.3000
0.1396 0.1749 0.1082 0.3000
0.1396 0.1749 0.1082 0.3000
0.0400 0.1255 0.0345 0.3000
0.0400 0.1255 0.0345 0.3000
0.0400 0.1255 0.0345 0.3000
0.0400 0.1255 0.0345 0.3000
0.0400 0.1255 0.0345 0.3000
0.0400 0.1255 0.0345 0.3000
0.0400 0.1255 0.0345 0.3000
0.0400 0.1255 0.0345 0.3000
0.0400 0.1255 0.0345 0.3000
0.0400 0.1255 0.0345 0.3000
0.0400 0.1255 0.0345 0.3000
0.0400 0.1255 0.0345 0.3000
